= 991110019881110001015

11111199111119991919111199111119191.
1911991119 111991 911.
01919111· Psff PP 911111111191111 9115 111111 91 111181 011111
9991911 91β111119111119911 991999 9119 1191119111·91111.11
0191199189 9111 1119191191119119919191..9119191111. .
11110911111191111111911111911
091091 11119 1199911191 1011191· 119999· 1191111 PP-[PPP .
0991111 11111119 [P 99 9111111111 911911189119999111.
999999111111999111111111111191119911919911119111111· ·
1191991911] 9911119999991 09909901119119911911·
8111999919911118111 11991911191991 911 9991119 91199 999119
19119998911111999199191 Pb 91911919199111119911991
199118 919 9919191919 9199919191· 999 Po 11.. 1911919199
1111911911 1911191911911199191999119919111111.
811111 119199119111111 99911919 99991 9199191199 1918111119.
8999119119 [1911199989 11181191911111991991 10119911 1918919111
>99911919119991991991918199199191119191919111111191911 ,
119991991999991119191991189111119111119119111,11819
11111199111191111111 891111·91’111’1191 9911991999999911
99111119119989191191191999 111111119091191111918981111
98 1111199199 99911 919189 199819911 11991119
1191919991119199919999911119991919,99111119119.Ι
19119918911111 11199 9199919009 111111 1199919191 1111991911 99999111· 11··
9189999191 1111191119 1991191. 11991111 11994111999111991111Ἔ
999191999111991189191919189911199119189999191999ξξμ19111
919119991119119 99991119911191 99111 1819998 PP
0911199911999919119991111190991911181191119
19181999111199111. 19191119111911919999119191119·
119191119999991118919111999191911191199119118919.
199 1199111119 9911119919 99111 19111119 91’989191999919119 09
9191999119118919199191111919111991 111 1111191999
’199991191119119911991’1111191991019919191191119118
119191, 11991999191919 0999981119] 1191919111 1991919199 091·
9919811911991199119911999191111999181919119μ999191
8999919911111199198111191191911911119191911991911,..1999
9191019999 1919911 1119119 8199199119 9111911191 11911911911111

11191919991111999 19919191 919. 119119 19991 911199
1 191..

PP

Paf-

 

