71111 11111111 1111111 1111711111, 111 11 11111
AAAAAAAAAA 1111111111 1111.
11111111117117 611111 111111

111111111 Arum Soc 11111111,11111”111111
11111111 11111111 1111 (1111111 ’1111 1111 1117111, 7111111111

1111111111 111111,17171111111,111117111111111·
1111111111111111111111117111111111711111

11111 1111, 71171117111111117111171111111111111
1111111117ῳὸ ’1771111111111111111111’1111111
7111111111, 1111111111 1111111111 1761 17117,
17111117117111111111111171111111111111,111111

1111 11111111 1111111 111111 11111 AAA A 111111 111111

11111111·ῡ7111111111111111111117117 111110111111717

17167 7111717 7177111 11111111 111111
11111111111111111111117111111117111111111111

1111111111 1117111 11111 11117111 11111171 111,111
111111111711111171111111111111, 7111111Ρῦ711111
11111111111111111111111111111111171111111 ¹

71171111 1111111111111111111111177111711711171
1111111 11111 111111 1111111111 1311111111 11117111Ἃ111

1111111 11111111 11111111, &AAAA 1111111 71111111
Am κ > ι ÷
111
Q

 

