11111111 11, 1111111 11111111 11

1111111 11111111 111, 111 1111(111111111111111111111, 11111111 11111
11111 1111111.

11211101111111‹1111011113 (111111111111111111011111111111111 W

1111111111 1Τ11111111111111 1111111,11·1111111 (1111111111
11111111111111111111111111 11111111111111111 1111111131
1111111111 1, 131111111111111111, 1111111111 111111111111111111111111
111111,11111111111111,111111111111111111111,11111111111111111
1111111111 1111111111111111111111111111111111111111, 11
(11111111111111 1111111 11111111,1ῖ1111111 1111111111111 ,111
111111 1111111111 1111111111, 1111 11111111111, 1111111 111111 111111,
1111111111111111111111111, 1111111 11111111 111111 11111111

111111111111111111111111111111111113111111,11111··111111111111811Ὶ
11111111 1111111 11111111 11111 11111 (1111111 11111 1111111111 11111111 111111 11111111. ’1
11111111111111111111 1111111111 11111111 1111111111 . 1111111111) ,
1·11,1111Ϊ1111111111111111,1111111111111111111111111111Ρ11111111,
611111 1111111111 1111111 111111 111111 ,1·1111Ν1111111111111 1111
111111 1111111111 111111111111111 1111, 11111111111111111 11,1“«111111111111111
111111 Ρ1111111111111111111111111111111111111111Ρ1111111111111 011
11113111111111111111111111111111111311 1111 1111111
1111111111111111111111111111111 1,1111111111111111, 1111111111

11111111111111111111111111111 111111111111111
11111111 111111111111111111111111 11111111 1111111111 1111
11111111 1111111111111111, 111110111111101111110111101 11111111

11111111111111111111111111111,1111111111 1111111111111111111 ’ 2„

1111111111,111111111111111111,111111111111111111111111
111111111111111111111111111111111111111111111111111ο 001111111111110
1111 111 1111111111111111111111111 ,131111111111111111111 11111),
111111111111111111111111111,111111111111111111111111·
111111111101111111111111111111111111111111111111111111
1111111111 1111111111 11111 111111 1311111111111111 11111, 1111111111
111111111111111 1111 1111,1:11110111111111211111111111111112³
1111111111,11111111111,111111111111111111111111,11111111111111
11111111 111111 1111 111111111111111111111111 1110111111111211110111⁹
1111111111111111311 11 111111 1111111111 1111111111111·
ζ1111111111111111111 11111111111111111111
111,1111111111111 Ἱ111111 11011111R0sp1110
11111111111 11111111111111111111111
111111

 

