Q 5 - ⁷ ,4ss ² ΜΞ
55555555 5555555555 555555ὓ555 ”“’
ς 5555 5555 55 5555 sunus plenque Ξῖῖ

ῖῖῖ qQoQianQQo 55555555 5555555555, 55555 iga
55555 QQQQQ 55 5555 55555 555555555555515555555
5555 555555 5555 555 5555555555] 5555555
. 555555 ῖ5 5555 55555 55555555555555 5555555555
555555 5555555 55555 555 55555 neu 535
ἶ555555 55555 5555 555 5555 55555 nost 55 5555 55555
55555 555555 55555555555551555555555 55
555555 5555555555 55555 55555 55555
Γ5555555155, 5555555555 55555555555555155555
5555555 555, vel: QQQQQQQQQ 55Ξῖ5ῖ 5555 55555555
55 555555 555 55555555 555 555555 5555555 ,5555
55555555· ,5555555555 5555555555 5555555555
’0555 555555 555555555555 8qu
55555 ’55555555 5555555 555555 55555 55555 5555555
55 55555555 55 5’5ΞΙ 555 5555555555 55555 -Ξ
55 55555 555555 5555555555 555 55 *Ob

 

